9,1,1.000000
9,2,2.000000
9,3,5.000000
9,4,5.000000
9,5,5.000000
9,6,4.000000
9,7,5.000000
9,8,1.000000
9,9,5.000000
11,1,4.000000
11,2,1.000000
11,6,5.000000
11,7,4.500000
11,8,1.000000
11,9,5.000000
10,2,2.500000
10,3,4.500000
10,4,4.000000
10,5,3.000000
10,6,3.500000
10,7,4.500000
10,8,4.000000
10,9,5.000000
12,1,5.000000
12,2,5.000000
12,3,5.000000
12,4,0.000000
12,5,2.000000
12,6,3.000000
12,7,1.000000
12,8,4.000000
12,9,1.000000
11,10,4.000000
11,11,2.000000
11,13,2.000000
11,15,3.000000
17,10,4.000000
17,5,2.000000
17,14,4.000000
17,4,3.000000
17,8,5.000000
17,9,4.000000
17,3,5.000000
